0.000000000000000000e+00 9.995798468589782715e-01 0.000000000000000000e+00 2.090077102184295654e-01 9.999151229858398438e-01 0.000000000000000000e+00 9.978424310684204102e-01 9.999682903289794922e-01 3.454308509826660156e-01 1.633417420089244843e-02
9.995798468589782715e-01 0.000000000000000000e+00 2.707531116902828217e-02 0.000000000000000000e+00 9.890183806419372559e-03 0.000000000000000000e+00 1.504812669008970261e-02 9.814042598009109497e-03 0.000000000000000000e+00 7.710809260606765747e-02
0.000000000000000000e+00 2.707531116902828217e-02 0.000000000000000000e+00 9.999692440032958984e-01 8.141002058982849121e-02 9.294656515121459961e-01 7.756852507591247559e-01 1.782007068395614624e-01 1.268132627010345459e-01 3.016600199043750763e-02
2.090077102184295654e-01 0.000000000000000000e+00 9.999692440032958984e-01 0.000000000000000000e+00 0.000000000000000000e+00 9.084562212228775024e-02 7.472217082977294922e-01 8.194469809532165527e-01 9.999003410339355469e-01 7.646182179450988770e-01
9.999151229858398438e-01 9.890183806419372559e-03 8.141002058982849121e-02 0.000000000000000000e+00 0.000000000000000000e+00 0.000000000000000000e+00 9.618815034627914429e-03 8.195526897907257080e-03 0.000000000000000000e+00 2.632647193968296051e-02
0.000000000000000000e+00 0.000000000000000000e+00 9.294656515121459961e-01 9.084562212228775024e-02 0.000000000000000000e+00 0.000000000000000000e+00 9.999563694000244141e-01 9.506037086248397827e-02 0.000000000000000000e+00 1.156580075621604919e-02
9.978424310684204102e-01 1.504812669008970261e-02 7.756852507591247559e-01 7.472217082977294922e-01 9.618815034627914429e-03 9.999563694000244141e-01 0.000000000000000000e+00 9.999330043792724609e-01 0.000000000000000000e+00 9.999089241027832031e-01
9.999682903289794922e-01 9.814042598009109497e-03 1.782007068395614624e-01 8.194469809532165527e-01 8.195526897907257080e-03 9.506037086248397827e-02 9.999330043792724609e-01 0.000000000000000000e+00 6.184803321957588196e-02 2.712698467075824738e-02
3.454308509826660156e-01 0.000000000000000000e+00 1.268132627010345459e-01 9.999003410339355469e-01 0.000000000000000000e+00 0.000000000000000000e+00 0.000000000000000000e+00 6.184803321957588196e-02 0.000000000000000000e+00 0.000000000000000000e+00
1.633417420089244843e-02 7.710809260606765747e-02 3.016600199043750763e-02 7.646182179450988770e-01 2.632647193968296051e-02 1.156580075621604919e-02 9.999089241027832031e-01 2.712698467075824738e-02 0.000000000000000000e+00 0.000000000000000000e+00
