0.000000000000000000e+00 3.056433200836181641e-01 9.999111890792846680e-01 5.732538104057312012e-01 3.472689390182495117e-01 0.000000000000000000e+00 0.000000000000000000e+00 0.000000000000000000e+00 9.999041557312011719e-01 6.023852527141571045e-02
3.056433200836181641e-01 0.000000000000000000e+00 8.890972733497619629e-01 9.999588727951049805e-01 4.039345085620880127e-01 0.000000000000000000e+00 0.000000000000000000e+00 9.950956106185913086e-01 2.039215117692947388e-01 7.146714925765991211e-01
9.999111890792846680e-01 8.890972733497619629e-01 0.000000000000000000e+00 0.000000000000000000e+00 7.797820121049880981e-02 0.000000000000000000e+00 9.997738003730773926e-01 9.907376170158386230e-01 7.850178517401218414e-03 6.890773028135299683e-02
5.732538104057312012e-01 9.999588727951049805e-01 0.000000000000000000e+00 0.000000000000000000e+00 2.964150346815586090e-02 0.000000000000000000e+00 0.000000000000000000e+00 9.999108314514160156e-01 1.815004497766494751e-01 7.904855906963348389e-02
3.472689390182495117e-01 4.039345085620880127e-01 7.797820121049880981e-02 2.964150346815586090e-02 0.000000000000000000e+00 0.000000000000000000e+00 0.000000000000000000e+00 0.000000000000000000e+00 1.040696352720260620e-02 9.999543428421020508e-01
0.000000000000000000e+00 0.000000000000000000e+00 0.000000000000000000e+00 0.000000000000000000e+00 0.000000000000000000e+00 0.000000000000000000e+00 0.000000000000000000e+00 0.000000000000000000e+00 0.000000000000000000e+00 0.000000000000000000e+00
0.000000000000000000e+00 0.000000000000000000e+00 9.997738003730773926e-01 0.000000000000000000e+00 0.000000000000000000e+00 0.000000000000000000e+00 0.000000000000000000e+00 0.000000000000000000e+00 0.000000000000000000e+00 0.000000000000000000e+00
0.000000000000000000e+00 9.950956106185913086e-01 9.907376170158386230e-01 9.999108314514160156e-01 0.000000000000000000e+00 0.000000000000000000e+00 0.000000000000000000e+00 0.000000000000000000e+00 0.000000000000000000e+00 0.000000000000000000e+00
9.999041557312011719e-01 2.039215117692947388e-01 7.850178517401218414e-03 1.815004497766494751e-01 1.040696352720260620e-02 0.000000000000000000e+00 0.000000000000000000e+00 0.000000000000000000e+00 0.000000000000000000e+00 9.996801614761352539e-01
6.023852527141571045e-02 7.146714925765991211e-01 6.890773028135299683e-02 7.904855906963348389e-02 9.999543428421020508e-01 0.000000000000000000e+00 0.000000000000000000e+00 0.000000000000000000e+00 9.996801614761352539e-01 0.000000000000000000e+00
